actual_snr_estimate_db_signal=[nan,nan,nan,nan,nan,nan,nan,nan,nan,nan,nan,nan,nan,nan,nan,nan,nan,nan,nan,nan,nan,nan,nan,nan,nan,nan,nan,nan,nan,nan,nan,nan,nan,nan,nan,nan,nan,nan,nan,nan,nan,nan,nan,nan,nan,nan,nan,nan,nan,nan,nan,nan,nan,nan,nan,nan,nan,nan,nan,nan,nan,nan,nan,nan,nan,nan,nan,nan,nan,nan,nan,nan,nan,nan,nan,nan,nan,nan,nan,nan,nan,nan,nan,nan,nan,nan,nan,nan,nan,nan,nan,nan,nan,nan,nan,nan,nan,nan,nan,nan,nan,nan,nan,nan,nan,nan,nan,nan,nan,nan,nan,nan,nan,nan,nan,nan,nan,nan,nan,nan,nan,nan,nan,3.68834,3.5961,3.50148,3.38273,3.21804,3.07435,2.92398,2.76071,2.61026,2.54252,2.47161,2.42145,2.40448,2.38487,2.32683,2.25505,2.19143,2.12423,2.06653,2.06322,2.04165,2.02777,2.0279,2.04369,2.05696,2.04073,2.00612,1.95442,1.91493,1.88918,1.84412,1.82521,1.82496,1.83289,1.83611,1.83291,1.81518,1.80538,1.79688,1.78252,1.77054,1.76402,1.75309,1.75285,1.76383,1.77952,1.79784,1.8305,1.87207,1.88397,1.88118,1.87439,1.85527,1.86444,1.87602,1.86851,1.85642,1.83942,1.85261,1.85697,1.87452,1.86686,1.85015,1.83121,1.81551,1.80679,1.80004,1.78434,1.75976,1.73585,1.69935,1.68583,1.66854,1.64948,1.61996,1.61354,1.66749,1.71367,1.76608,1.80768,1.83185,1.85263,1.86335,1.86507,1.87053,1.86833,1.86792,1.87795,1.88644,1.90215,1.93837,1.9688,2.00805,2.02376,2.04511,2.0531,2.04407,2.06216,2.08914,2.10278,2.09643,2.08524,2.08745,2.08427,2.08652,2.06185,2.0191,1.97831,1.93388,1.89801,1.86062,1.84239,1.83147,1.82393,1.83532,1.81524,1.78706,1.79145,1.79691,1.79706,1.77365,1.75085,1.72669,1.71611,1.72617,1.74569,1.76857,1.78625,1.80585,1.8209,1.85077,1.8918,1.92064,1.92924,1.92919,1.93129,1.92967,1.92118,1.86358,1.79441,1.73885,1.70078,1.67346,1.63675,1.62017,1.60876,1.59556,1.59099,1.59364,1.59397,1.62302,1.62137,1.56391,1.50948,1.46662,1.44359,1.40956,1.39133,1.38042,1.34876,1.32926,1.3109,1.30553,1.30739,1.31771,1.33063,1.31863,1.35029,1.3881,1.43238,1.4791,1.52514,1.57645,1.63266,1.68034,1.69788,1.71165,1.68954,1.67407,1.65075,1.63432,1.62858,1.61659,1.63267,1.63847,1.6688,1.6792,1.69524,1.70385,1.70828,1.71194,1.68927,1.66663,1.64769,1.62781,1.61735,1.65019,1.64392,1.64815,1.65175,1.65839,1.67975,1.67688,1.67934,1.68969,1.70811,1.72171,1.73492,1.73971,1.75189,1.75203,1.73553,1.70044,1.69531,1.69706,1.7001,1.69184,1.69437,1.7131,1.72334,1.75436,1.79263,1.82394,1.84902,1.8377,1.8348,1.81104,1.79403,1.78831,1.78747,1.78174,1.77095,1.7553,1.73534,1.69735,1.67946,1.65063,1.62644,1.60893,1.62822,1.64762,1.65681,1.68064,1.70268,1.73914,1.74169,1.7375,1.7355,1.72996,1.71401,1.71027,1.69633,1.68096,1.68867,1.7004,1.69692,1.71075,1.71772,1.68754,1.70103,1.70832,1.70399,1.69915,1.7219,1.74493,1.73579,1.73094,1.70774,1.68482,1.67637,1.6657,1.64179,1.62427,1.63449,1.63905,1.64226,1.64753,1.65909,1.66549,1.64421,1.64948,1.64648,1.64093,1.62446,1.61624,1.62713,1.67594,1.72404,1.76491,1.7907,1.80791,1.78852,1.7645,1.73944,1.72109,1.70742,1.70185,1.68288,1.68108,1.70088,1.72719,1.74822,1.7447,1.75189,1.75422,1.75024,1.74497,1.76077,1.77632,1.78416,1.79548,1.77858,1.77345,1.76946,1.76322,1.77326,1.77909,1.77757,1.75839,1.76389,1.81615,1.85874,1.88964,1.89085,1.89481,1.87458,1.85437,1.84907,1.83902,1.85171,1.88775,1.91801,1.9498,1.93343,1.92268,1.90966,1.90777,1.91187,1.95658,2.00108,2.04242,2.08261,2.09378,2.09992,2.10536,2.11153,2.11424,2.10002,2.06949,2.01954,1.97524,1.93532,1.93139,1.94383,1.95923,1.9731,1.98535,1.9655,1.95027,1.93077,1.90992,1.9139,1.90524,1.90628,1.93445,1.95343,1.95218,1.95786,1.95283,1.98386,2.04718,2.0971,2.12259,2.16561,2.1934,2.23537,2.2674,2.26433,2.23436,2.21931,2.20557,2.16803,2.07222,1.98363,1.89774,1.84151,1.79091,1.73255,1.6787,1.62973,1.57228,1.50894,1.42603,1.34963,1.28141,1.2773,1.28111,1.28081,1.28419,1.26524,1.21862,1.16505,1.12038,1.09617,1.09414,1.12097,1.25124,1.38085,1.4863,1.60758,1.73454,1.87263,2.00834,2.14392,2.21907,2.2761,2.31524,2.33896,2.34062,2.35173,2.35766,2.35829,2.36982,2.38616,2.39642,2.39604,2.37943,2.35896,2.34979,2.32427,2.29982,2.24318,2.14866,2.07554,2.0197,1.96895,1.9369,1.90024,1.88094,1.87275,1.89226,1.91003,1.92665,1.95432,2.00381,2.03615,2.06635,2.0983,2.12982,2.17637,2.20303,2.24125,2.27593,2.30837,2.3512,2.40619,2.47281,2.52151,2.56403,2.61566,2.65114,2.68908,2.70819,2.72132,2.74585,2.77703,2.77634,2.75346,2.65973,2.55269,2.45424,2.35322,2.27145,2.17516,2.06668,1.96589,1.88593,1.856,1.84994,1.85816,1.89078,1.93639,1.98335,2.01905,2.07156,2.07955,2.06981,2.07215,2.08996,2.10349,2.11751,2.14338,2.20233,2.3067,2.41348,2.50977,2.61214,2.71987,2.84074,2.92736,2.98493,3.04108,3.08812,3.11151,3.13212,3.15099,3.1369,3.13875,3.15178,3.16092,3.18462,3.19641,3.20594,3.19836,3.21038,3.22466,3.22372,3.20444,3.17171,3.14348,3.11376,3.05978,3.0126,2.97696,2.95985,2.94031,2.91278,2.87873,2.85251,2.84594,2.82767,2.81757,2.81154,2.79799,2.78905,2.7962,2.81138,2.84233,2.88942,2.90605,2.9308,2.94299,2.94866,2.92836,2.89683,2.89482,2.86122,2.8393,2.83421,2.83546,2.84599,2.86344,2.87598,2.85376,2.80601,2.71904,2.63022,2.52975,2.43954,2.33252,2.19203,2.08799,2.02209,1.96198,1.90943,1.88618,1.87078,1.86733,1.91543,1.95236,1.95296,1.93488,1.90357,1.88252,1.89708,1.92804,1.92431,1.91993,1.92713,1.92715,1.90812,1.89388,1.87482,1.8858,1.91975,1.94879,1.96771,1.98796,2.01505,2.0459,2.07593,2.09984,2.11537,2.14092,2.18087,2.2066,2.21316,2.21651,2.19914,2.15487,2.10412,2.03872,1.96389,1.91509,1.86975,1.86318,1.86526,1.84717,1.83956,1.8314,1.82593,1.80718,1.77336,1.74342,1.72108,1.73693,1.75728,1.77274,1.79316,1.82223,1.83617,1.86009,1.87914,1.85934,1.84229,1.82944,1.81436,1.7981,1.78461,1.74894,1.69055,1.65011,1.6613,1.70566,1.74294,1.77195,1.78689,1.81468,1.83464,1.83167,1.83023,1.83231,1.85488,1.8748,1.90891,1.93376,1.92264,1.88441,1.85332,1.83169,1.79971,1.75953,1.73122,1.69958,1.67358,1.66249,1.63246,1.61568,1.60743,1.62756,1.67183,1.71391,1.74182,1.78525,1.8416,1.88745,1.91807,1.92167,1.99287,2.05504,2.11986,2.16195,2.1914,2.22773,2.28117,2.31515,2.2971,2.29358,2.28805,2.29228,2.31657,2.31623,2.3096,2.30752,2.30609,2.34541,2.3396,2.32689,2.31569,2.30908,2.29751,2.28419,2.27703,2.25371,2.21226,2.16581,2.11637,2.08417,2.04849,2.02205,2.02865,2.05557,2.08241,2.09822,2.09651,2.11553,2.12419,2.15101,2.18575,2.23869,2.27192,2.27369,2.24771,2.24068,2.24046,2.23997,2.25157,2.24042,2.23638,2.24216,2.24944,2.23223,2.22358,2.21223,2.20351,2.18899,2.15307,2.12577,2.11094,2.12092,2.07759,2.03531,2.00166,1.96696,1.92806,1.87212,1.80083,1.75079,1.75141,1.75619,1.78173,1.78444,1.76342,1.77889,1.81367,1.84048,1.86549,1.88174,1.92121,1.95693,1.99163,2.00692,2.02065,2.05873,2.09996,2.12017,2.15059,2.14848,2.16692,2.17738,2.19428,2.19499,2.17665,2.16852,2.14707,2.12415,2.09375,2.05879,2.0287,1.98745,1.95709,1.93649,1.95052,1.99091,2.05446,2.06248,2.09502,2.12709,2.15551,2.18353,2.19879,2.21418,2.19647,2.1723,2.15356,2.13693,2.12271,2.12309,2.13751,2.14121,2.13646,2.12611,2.11071,2.0928,2.06632,2.078,2.10419,2.11975,2.13784,2.16117,2.17469,2.17781,2.15104,2.12809,2.10976,2.09531,2.07375,2.03521,1.99775,1.95639,1.92943,1.91521,1.91372,1.92864,1.90719,1.86583,1.83492,1.84909,1.84633,1.87208,1.89914,1.90832,1.91331,1.91718,1.92714,1.88908,1.87088,1.86647,1.87099,1.87445,1.87616,1.87429,1.85639,1.83518,1.79131,1.7416,1.70135,1.6875,1.65851,1.62658,1.60471,1.59145,1.59383,1.57815,1.60316,1.62064,1.62538,1.63549,1.64582,1.64968,1.63909,1.62936,1.62441,1.60207,1.58985,1.58308,1.57358,1.55123,1.54993,1.56931,1.58314,1.58025,1.59894,1.59906,1.60869,1.62817,1.62355,1.60222,1.56025,1.53802,1.52486,1.51663,1.50359,1.48003,1.44272,1.39352,1.4144,1.43404,1.42891,1.40671,1.38132,1.36025,1.3187,1.29552,1.2767,1.27594,1.29231,1.34134,1.37339,1.398,1.43709,1.43692,1.44155,1.44209,1.44289,1.44288,1.4524,1.46379,1.48676,1.51927,1.53573,1.56657,1.5825,1.58434,1.57674,1.57789,1.57487,1.59919,1.61364,1.62541,1.61565,1.58866,1.54797,1.50083,1.47041,1.46196,1.42937,1.4078,1.39245,1.36985,1.33187,1.29187,1.2509,1.24315,1.23078,1.24218,1.24624,1.25868,1.29183,1.31867,1.37594,1.42515,1.44591,1.45895,1.47563,1.49647,1.52315,1.55282,1.55251,1.5747,1.60967,1.63134,1.66221,1.6813,